url,name,address,city,state,phone
http://www.hillanddavis.com/,Results,"1610 Graham Rd, Farmville, VA 23901",Farmville,VA,(434) 392-1801
http://www.futureviewcpa.com/home,Results,"6769 Main St, Gloucester, VA 23061",Gloucester,VA,(804) 599-4400
http://hillanddavis.com/,Results,"14303 S James Madison Hwy Ste B, Dillwyn, VA 23936",Dillwyn,VA,(434) 983-5200
http://www.centralvaaccounting.com/,Results,"3153 Chartwood Dr, Sandston, VA 23150",Sandston,VA,(804) 604-1524
https://prioritybookkeepingtax.com/,Results,"270 Court St, Appomattox, VA 24522",Appomattox,VA,(434) 664-2166
http://www.cpacooke.com/,Results,"2001 S Main St STE 6, Blacksburg, VA 24060",Blacksburg,VA,(540) 953-1152
http://www.accuratetaxpc.com/,Results,"170 W Main St #101, Purcellville, VA 20132",Purcellville,VA,(540) 338-3967
https://wketax.com/,Results,"3847 S George Washington Mem Hwy, Hayes, VA 23072",Hayes,VA,(804) 642-3000
http://www.persingercpava.com/,Results,"501 E Dolly Ann Dr, Covington, VA 24426",Covington,VA,(540) 962-2248
http://sjpaccounting.net/,Results,"5064 Spring Branch Blvd, Montclair, VA 22025",Montclair,VA,(703) 398-1366
http://www.clarksondavid.com/,Results,"16595 Pouncey Tract Rd, Rockville, VA 23146",Rockville,VA,(804) 749-4500
http://www.hmcpas.com/,Results,"408 E 3rd St, Farmville, VA 23901",Farmville,VA,(434) 392-3159
https://www.fraimcpa.com/,"Fraim, Cawley & Company, CPAs","325 Mountain Ave SW #1, Roanoke, VA 24016",Roanoke,VA,(540) 314-0345
http://www.adamsdelp.com/,Adams & Delp PC,"390 W Monroe St, Wytheville, VA 24382",Wytheville,VA,(276) 228-8500
https://www.mcb.cpa/,"Matthews, Carter & Boyce, P.C.","12730 Fair Lakes Cir Suite 510, Fairfax, VA 22033",Fairfax,VA,(703) 218-3600
http://www.jayerscpa.com/,"James E. Ayers & Associates, Inc.","10108 Krause Rd # 101, Chesterfield, VA 23832",Chesterfield,VA,(804) 748-9135
https://www.davidovcpa.com/,"Davidov & Associates, CPA","1800 Diagonal Rd Suite 600, Alexandria, VA 22314",Alexandria,VA,(703) 232-1599
http://www.vscpa.com/,Virginia Society of Certified Public Accountants (VSCPA),"4309 Cox Rd, Glen Allen, VA 23060",Glen Allen,VA,(804) 270-5344
https://cst-cpa.com/?utm_source=gmb&utm_medium=referral,"CST Group, CPAs, PC","10740 Parkridge Blvd Suite 500, Reston, VA 20191",Reston,VA,(703) 391-2000
http://www.mscpa.us/,Manjit Singh CPA PC,"2841 Hartland Rd Ste 205, Falls Church, VA 22043",Falls Church,VA,(703) 280-5656
http://www.compasscpasofva.com/,Compass CPAs of Virginia,"9201 Arboretum Pkwy #140, Richmond, VA 23236",Richmond,VA,(804) 377-6952
https://www.handycpas.com/,"Roger L. Handy, PC","1064 Laskin Rd Ste 25C, Virginia Beach, VA 23451",Virginia Beach,VA,(757) 965-7501
http://johnsoncpaa.com/,"Johnson & Associates CPA, PC","104 Homestead Dr Ste A, Forest, VA 24551",Forest,VA,(434) 316-5214
