url,name,address,city,state,phone
http://www.mainstreettaxpros.com/,Results,"105a E Main St, Orange, VA 22960",Orange,VA,(540) 672-4720
http://www.jwacpa.com/,Results,"14649 Black Hill Rd, Rixeyville, VA 22737",Rixeyville,VA,(540) 937-6450
http://www.centralvirginiaaccounting.com/,Results,"146 Byrd St, Orange, VA 22960",Orange,VA,(434) 270-8087
http://www.barrystrickland.com/,"Barry Strickland & Company, Certified Public Accountants","9410 Atlee Commerce Blvd #1, Ashland, VA 23005",Ashland,VA,(804) 550-8500
https://www.rkncpa.com/,Rubin Koehmstedt & Nadler,"4000 Legato Rd #1100, Fairfax, VA 22033",Fairfax,VA,(703) 971-2422
http://www.vscpa.com/,Virginia Society of Certified Public Accountants (VSCPA),"4309 Cox Rd, Glen Allen, VA 23060",Glen Allen,VA,(804) 270-5344
https://www.pasaccountinggroup.com/about-us.html,"Professional Accounting Services Group, Inc.","Cedar Lakes Office Condominiums, 46950 Jennings Farm Dr, Sterling, VA 20164",Sterling,VA,(703) 450-6984
http://www.wilkinsoncpa.com/,Wilkinson Consulting & CPA PLC,"217 Piney Forest Rd, Danville, VA 24540",Danville,VA,(434) 797-4300
https://www.wendroffcpa.com/?utm_source=gmb&utm_medium=organic&utm_campaign=wcpa-gmb-organic,"Wendroff & Associates, CPA","2900 S Quincy St Ste 360, Arlington, VA 22206",Arlington,VA,(703) 553-1099
http://www.kangthomascpa.com/,Kang & Thomas LLC,"11130 Fairfax Blvd Ste 310, Fairfax, VA 22030",Fairfax,VA,(703) 256-2580
https://www.marycapule.cpa/,"Mary Capule, CPA","106 Sunny Dr, Ashland, VA 23005",Ashland,VA,(804) 798-5827
https://fiscalwealthpartners.com/,Fiscal Wealth Partners | Tax & Advisory,"205 Van Buren St Ste 120, Herndon, VA 20170",Herndon,VA,(571) 412-9116
https://www.mcb.cpa/,"Matthews, Carter & Boyce, P.C.","12730 Fair Lakes Cir Ste 510, Fairfax, VA 22033",Fairfax,VA,(703) 218-3600
http://www.acpa4uinc.com/,A CPA 4U會計師,"11219 Nuckols Rd e, Glen Allen, VA 23059",Glen Allen,VA,(804) 346-2272
https://www.baw.cpa/,"Butler & Wagner, P.C. affiliated with Padgett","5210B Lyngate Ct Suite B (Upstairs, Burke, VA 22015",Burke,VA,(703) 426-5560
http://www.pearsoncocpa.com/,Pearson & Company PC CPAs,"8200 Center Path Ln b, Mechanicsville, VA 23116",Mechanicsville,VA,(804) 559-4516
http://www.roycartercpa.com/,Roy E Carter CPA PC,"1011 N Augusta St Apt E, Staunton, VA 24401",Staunton,VA,(540) 886-6251
